10111110101110111010110011101010 11100101101000111011111111001000 0 65535 1024 65535 53 
000001100110101011101101 1110010110100011101111111 0 65535 0 65535 47 
11111000101101001110101001010100 00001000111000010000011000110001 0 65535 1024 65535 17 
10111110101110111010110011101010 00011111001110100101101000101001 0 65535 1024 65535 17 
101111101011101110101101 11100101101000111011111111001000 0 65535 0 65535 16 
000001100110101011101101 00011111001110100101101000 0 65535 0 65535 16 
00001100111010110000000 111001011010001110111111 0 65535 0 65535 15 
1011111010111011101011 10111110110011011100011 0 65535 0 65535 15 
0000011001101010 111001011010001110111111 0 65535 0 65535 15 
010110011010010111010100 000111110011101001011010 0 65535 0 65535 14 
11111000101101001110101000111101 00001100111101010100100110111101 0 65535 1024 65535 13 
10111110101110111010110011101010 101111101011101110101100 161 161 0 65535 13 
10111110101110111010110 1110010110100011101111111101 0 65535 0 65535 13 
00011110010010110100011111101100 0000110011110100 1024 65535 0 65535 13 
11101100111111000011100 101111101100110111000111 0 65535 0 65535 13 
00011111011101010 111010010011011100101111 0 65535 0 65535 13 
10111110101110111010110011101010 00011100110110011110001011110101 0 65535 1024 65535 12 
10111110101110111010110011101010 111001011010001110111111 22 22 0 65535 12 
0101111011010000001100111000 01011010101001011111001111 0 65535 0 65535 12 
010110011010010101111111 11000011011101001001001011 0 65535 0 65535 12 
0101111111011010 11000011011101001001001001010111 0 65535 1024 65535 12 
111011001111110111100111 010010011010000101100100 0 65535 0 65535 11 
01011001101001010111000 010010011010000101100100 0 65535 0 65535 11 
000001100110101011101101 1110010110100011 0 65535 0 65535 11 
111110001101110011000011 010010011010000101100100 0 65535 0 65535 10 
101111101000110111110100 000110110110011101001100 0 65535 0 65535 10 
010111111000010101110100 110000110111010010010010 0 65535 0 65535 10 
10111110101110111010110 101101001101110100100000 0 65535 0 65535 10 
11111000101101000 000011001111010010010110 0 65535 0 65535 10 
010110011010010111100101 0001111100111010 0 65535 0 65535 10 
10111110100011011111111111111011 000110110010101101101111 1645 1646 0 65535 9 
10111110101110111010110010 101011111011010100110101 0 65535 0 65535 9 
101111101011101110101101 000111110011101001011010 0 65535 0 65535 9 
000010101100101000010010 010010011010000101100100 0 65535 0 65535 9 
01011001101001011101100 110000110111010010010010 0 65535 0 65535 9 
00011111011101010011001000010001 00010011011010011000010001010100 0 65535 1024 65535 8 
11101100111111000011100101001100 111001011010001110111111 5632 5632 0 65535 8 
0110000000111000100011 1100111010110010001110010011 0 65535 0 65535 8 
010110011010010111100111 1100001101110100100100101 0 65535 0 65535 8 
000111110111010100110010 000111110011101001011010 0 65535 0 65535 8 
111110001101110011100111 000000010111101010011010 0 65535 0 65535 7 
0011110101000011100110 11110111100011110000000001 0 65535 0 65535 7 
101111101011101110101101 0001111100111010 0 65535 0 65535 7 
01011111110110100001001011010011 0 137 137 0 65535 7 
000001100110101011101101 0 0 65535 0 65535 7 
10111110101110111010110011101010 11100101101000111011111111001000 53 53 0 65535 6 
10111110100011010001111010000111 00011011001010110110111110001110 0 65535 1024 65535 6 
000011001110101100011110 1110010110100011101111111101 0 65535 0 65535 6 
1011111010001101111101 00011100110110011110001011 0 65535 0 65535 6 
0 01010101111000111110100011100001 161 161 0 65535 6 
0 101111100001000011100101 500 500 0 65535 6 
0 110111100010011110110111 0 65535 0 65535 6 
01100000001101101111110001000000 110011101011001010011111 5632 5632 0 65535 5 
1011111010001101000111101110 000100110110100110000100 0 65535 0 65535 5 
000001100110101011101101 111001011010001110111111 0 65535 0 65535 5 
00001010110010101111110101100101 0 1433 1433 0 65535 5 
10111110101110111010110011101010 111001011010001110111111 5540 5540 0 65535 4 
00001100111010110 111001011010001110111111 0 65535 0 65535 4 
0 10110100110111010010000010110111 5550 5550 0 65535 4 
101111101000110100011110 0 0 65535 0 65535 4 
0 101111100110001101111110 0 65535 0 65535 4 
10111110101110111010110011101010 000111110011101001011010 5540 5540 0 65535 3 
0 110100000001111100011001 0 65535 0 65535 3 
0 01011101110100000011010101011010 25 25 0 65535 2 
0 01000010110010101111100111010100 5500 5500 0 65535 2 
10111110101110111010110011101010 11100101101000111011111111001000 0 65535 113 113 0 
11111000101101000001100010101110 10111110101110111010110001100010 0 65535 69 69 0 
11111000101101000110100110001110 00010011000010111101001101001110 0 65535 69 69 0 
11111000101101000110000000000010 10111110101110111010110001100010 0 65535 69 69 0 
10111110100011011111111111111011 10101111101101010011010110010010 0 65535 514 514 0 
10111110101110111010110011101010 11100101101000111011111111001000 0 65535 80 80 0 
10111110101110111010110011101010 10101111101101011100111001010100 0 65535 80 80 0 
10111110101110111010110011101010 00011111001110100101101000101001 0 65535 7777 7777 0 
10111110101110111010110011101010 11100101101000111011111111001000 0 65535 69 69 0 
10111110101110111010110011101010 10111110101110111010110001100010 0 65535 80 80 0 
00011111011101010000011000100111 11101001001101110010111100000101 0 65535 9003 9003 0 
00011111011101010000011000100111 11101001001101110010010110000110 0 65535 53 53 0 
00001010010011111001010011111010 01001001101000010110010011111100 0 65535 69 69 0 
00000111010001111011111001001011 00011111001110100101101000101001 0 65535 143 143 0 
00000110011010101110110101010000 11100101101000111011111111001000 0 65535 53 53 0 
00000110011010101110110101010000 11100101101000111011111111001000 0 65535 25 25 0 
1011111010111011101011001110100 00011100110110011110001010010001 0 65535 1433 1433 0 
11101100111111011100110011 11101001001101110010010111011100 0 65535 514 514 0 
111011001111110000110010 01001001101000010110010001100001 0 65535 25 25 0 
111110001011010011101010 11110111100011111011010110101101 0 65535 25 25 0 
000111110111010100110010 11110111100011111011010110101101 0 65535 80 80 0 
111011001111110111001100 010010011010000101100100 0 65535 69 69 0 
0011110111001100 11110111100011111011010110111100 0 65535 139 139 0 
01011111110110101000100 110000110111010010010010 0 65535 80 80 0 
00111101101010010101001 111101111000111101011111 0 65535 514 514 0 
00011111011101010000011 000110110110011101001100 0 65535 53 53 0 
010111111000111 11000011011101001001001001011 0 65535 53 53 0 
0 10101001101100100101101100000001 0 65535 80 80 0 
0 10111110011000111100000101011010 0 65535 514 514 0 
0 010000101100101011111001 0 65535 113 113 0 
0 101111100001000000100101 0 65535 119 119 0 
0 101111101100110111000111 0 65535 80 80 0 
010110011010010101100010 0 0 65535 9003 9003 0 
000111110111010100000111 0 0 65535 1433 1433 0 
